function [] =plan3()
  clf
  %maceta completa
  x3=[29.1761379618849, 30.6547377290809, 33.6673635169829, 36.3065794992104, 38.6741114832673, 41.2745154657561, 43.1374914532108, 44.6511594430177, 46.9022554278587, 49.0757274132225, 50.6800003373088, 51.9515418504206, 53.5576995511935, 54.8627026830714, 56.0673209586510, 57.3054008529967, 58.2757877972136, 59.4469444540271, 60.5846394920745, 61.7223345301219, 63.1611841370642, 64.3323407938777, 65.2692661193285, 66.3400379198438, 67.8123491455522, 69.3181219900267, 71.2923574972266, 72.6642838666367, 74.1031334735790, 75.4110122244783, 76.6431436243390, 77.7094111819107, 78.7519839048696, 79.5102186124762, 80.6238758392733, 81.8797020737466, 83.2540024812835, 84.7230822272711, 85.7656549502301, 86.9792722121883, 87.9468913518224, 89.3852441269542, 90.7712931648084, 92.0000000000000, 93.5172393718781, 94.8509846724548, 96.3677930535029, 98.0153607777447, 99.2706504724052, 100.473636429788, 101.232040620312, 101.932367179569, 102.427841405603, 102.890284016569, 103.303179204932, 103.782137623432, 104.112453774122, 104.624443807692, 104.855665113175, 105.318107724141, 105.582360644693, 105.863129372779, 106.000000000000, 105.978740025521, 105.896160987848, 105.648423874831, 105.301591916606, 104.806117690571, 104.514684009735, 104.368866774652, 104.332412465881, 104.000000000000, 103.894960760634, 103.639780599239, 103.457509055386, 103.165874585221, 103.020057350138, 102.801331497515, 102.546151336120, 102.290971174726, 102.072245322102, 101.889973778249, 101.707702234395, 101.452522073001, 101.303508621081, 101.126208210402, 100.860257594383, 100.476106704579, 100.180606020113, 100.000000000000, 99.4714043773970, 99.2350038298248, 99.0281533506992, 98.9099530769131, 98.7326526662340, 98.4667020502153, 98.2303015026432, 98.0530010919641, 97.8153473467911, 97.5864770173077, 97.2050264681686, 96.9456400947540, 96.6557376774083, 96.4726414138215, 96.2132550404070, 95.9843847109235, 95.7555143814401, 95.5088449322849, 95.3543075533754, 95.1070477471201, 94.8597879408649, 94.5816206588278, 94.3034533767906, 94.1489159978811, 93.8053991769587, 93.5831088069305, 93.4163910294092, 93.2496732518880, 93.0000000000000, 92.9532860918503, 92.8236167093338, 92.7570088339114, 92.6725698827614, 92.5881309316113, 92.5599846145613, 92.5318382975113, 92.6444235657113, 92.7288625168614, 92.8414477850615, 92.9821793703116, 92.6068748462633, 92.2054217736477, 91.6701510101601, 91.3021523602624, 90.8003360194929, 90.3654285241593, 89.7967033379537, 89.2614325744662, 88.5923441201068, 88.0570733566193, 87.6556202840036, 87.1203495205161, 86.4178066434387, 85.8286256390121, 85.2450848637184, 84.8627650454226, 84.4603231314270, 84.0578812174313, 83.7158055905351, 83.1725090066410, 82.7700670926453, 82.3676251786497, 81.9651832646541, 81.6029855420580, 81.2407878194620, 80.9188342882655, 80.5163923742698, 80.2145609387731, 79.8121190247775, 79.3322102045741, 78.8586426143996, 78.3850750242251, 77.8204367436324, 77.3832974296252, 76.6183036301126, 76.0718794876035, 75.4161705165927, 74.7058191313310, 74.0865384364874, 73.5947567082293, 72.7751204944657, 72.1558397996222, 71.6458439332804, 71.1176339288550, 70.6258522005969, 69.9883573676697, 69.4965756394115, 69.0047939111534, 68.4219414924771, 68.0394445927208, 67.4930204502118, 66.4683642718063, 65.4787386396215, 64.4129879588071, 63.0807996077890, 62.1292364999190, 61.2157359163638, 60.2261102841789, 59.1603596033645, 58.2278277576519, 57.1835570436402, 56.5446291985678, 55.8326810283444, 55.1389879394087, 54.4270397691852, 53.7516017615373, 52.9666332661627, 52.3459605023782, 51.5975021695791, 50.7760235116290, 50.2101159917078, 49.5346779840599, 48.9195914520623, 48.3378111724528, 47.7389197081490, 47.2426953520115, 46.7635821805684, 46.1989130856534, 45.8053558376823, 45.3775762203224, 44.9326854182681, 44.2995715845755, 43.8204584131324, 43.4782347192445, 42.9477879937182, 42.6055642998303, 42.1264511283872, 41.7842274344993, 41.3735590018338, 41.0655576773347, 40.7265256885177, 40.3799187464354, 40.1738281322243, 39.8178534349506, 39.5000000000000, 39.1995815923173, 39.0000000000000, 38.7311938327466, 38.5000000000000, 38.1129219901133, 37.7850505584138, 37.5501515970991, 36.9875669169731, 36.2807297547635, 35.5955304648665, 34.9752447919071, 34.2772309915689, 33.6420905419381, 33.0296336797940, 32.9540217215046, 32.9464605256757, 32.9237769381889, 32.8859709590442, 32.7933304618418, 32.5225750397163, 32.1333641204108, 31.8795309121681, 31.5580088483940, 31.3549422817998, 30.9488091486115, 30.7118981542516, 30.6129720562029, 30.1630878470691, 29.8501249189760, 29.5567221738888, 29.1459583307666, 28.9307963177026, 28.5591528405921, 28.2461899124990, 28.0000000000000, 27.7571853373535, 27.6199940438559, 27.1897322954933, 27.1391132662742, 26.9113276347881, 26.6329229740829, 26.3798278279873, 26.3038992841586, 26.1267326818916, 25.8483280211864, 25.6711614189195, 25.4939948166525, 25.2662091851665, 25.1396616121187, 24.8865664660230, 24.6471383025163, 24.4025479221231, 24.0000000000000, 23.7132477591966, 23.5575993353099, 23.2907734657900, 22.9794766180167, 22.6681797702435, 22.4235893898502, 22.0000000000000, 21.8454666725570, 21.5119343356571, 21.4452278682771, 21.1401413074037, 20.8431322528665, 20.5810654400396, 20.2491141437922, 20.1617585395166, 20.0000000000000, 19.7249805181384, 19.5677404304423, 19.2784980145624, 19.0121458648167, 19.0681687908369, 19.5376575194765, 20.2418906124359, 21.0573184042836, 22.0000000000000, 23.1082428504461, 24.1870606520011, 25.2053346382778, 26.4250254570048, 27.5104383874317, 28.3791622008430]
